-0.4653038431866443, 1.7329948167613531
-0.3396373319650261, 3.8422027226336812
2.2530956892827456, 0.9954144623601221
-1.582318723109521, 8.74311864058836
-1.7614420481306559, 2.05452667999134
3.7958969673282086, 0.6041786050485594
-0.23425799220943655, 4.432764555226129
-1.3355839618037653, 7.281495274851016
0.5370805567443471, 4.4851257566662115
0.9209175305241055, 4.0398499788557025
-1.2518785919826516, 7.355172906163218
-2.166774851216255, 9.661345767949289
-1.6548947446495843, 7.756202290144857
-2.7116008355796506, 7.4056545056009435
2.0685072891004115, 0.7757187323376595
0.08706050205243976, 7.422185210305556
0.9480878502078401, 4.7321191979788075
-2.045582700510498, 2.6344844868768704
-1.2859072811767844, 1.9455643433066054
-1.5273213396345255, 3.2920373473039253
-0.6482690315838084, 7.067076696343917
-2.324606773162323, 3.387254486671873
-2.283051059496739, 7.058312506093284
2.2951346273281565, 1.05662233406358
-1.3507852555169775, 7.410579571106526
0.46661789679484156, 3.8657130258372034
0.9973320998885586, 4.403241784479102
-2.3042151338151067, 8.416392604495428
1.4700118558956836, 4.187683388414023
1.7547887358474556, 0.5426349288825627
-1.2878169328483062, 2.3099948150511684
2.0254113997965115, 0.7794928755713451
-4.058923829575347, 7.684806377620701
-0.07835838543851881, 5.124035164773071
0.6146707977648753, 5.368372463576241
0.40695802507630996, 4.573691682389152
0.8461631243527911, 4.397740556833959
2.924273864251639, 1.0818449246414832
2.4693588752264732, 0.39042919804301424
0.8719265870518024, 3.3157853849546557
-0.6043517012455351, 6.394467917135443
-2.3344580547717713, 2.1757300996827382
-3.3760347404973565, 4.327834399729269
-1.2783890812237768, 7.770731631026201
0.8614947537756968, 4.612538569285003
1.2998047950672444, -0.3035378590794524
1.1864049745669258, 1.5540544107972392
-0.2543535388983156, 8.491730676598483
1.1031821712501149, 4.705776690893091
-2.3071838816119694, 4.37191801017229
-2.4267904899653896, 3.3999628700053237
-0.012873382736673378, 7.5916562185024725
-0.8888799797264505, 3.2579068595927754
2.8259405758962215, 0.7672239261546095
0.37571418514792576, 2.142218153393152
0.3873256838409087, 1.2519261845354044
1.4426417825579423, 0.07483533564365508
3.574026858396458, -0.2734968015121435
1.1356168313702162, 3.5405993809526786
1.0871854037683, 1.3747317522948022
-1.7744991155189083, 8.017559794451161
0.9080284732218639, 6.017130049097757
2.0726169242122934, 4.069571526103854
-2.6783909821700824, 9.168265350999082
0.9651244667046538, 4.3152862273184525
-1.3523045854151294, 8.716684962095526
0.04338720218816894, 1.4873672655126606
0.09974554907967659, 2.706443970487566
-2.7141701032541024, 7.7658714607027965
2.1680054626686154, 1.5549313502427142
1.7784445266589897, 2.021568965552376
0.45469040055312193, 3.119100737036838
1.29985692306904, 7.399535892689506
-2.0113715700911867, 9.353942941421316
-1.7246914648946352, 2.080106001947917
-0.21258917923753384, 3.7969709731497026
-0.6264342472352578, 7.032220539456769
0.47823762785419016, 6.2333193812653755
-0.8552874411859956, 1.9437148262901327
3.0461766951177234, 0.7109545481281576
-1.6418657794994, 3.4137329302985533
-0.5261264908352177, 2.5261203727146837
-4.254754489753477, 7.788294147988353
-2.4015665352107507, 2.2334807051926964
2.340058120567241, 0.5882860670545755
1.2846013245058403, 2.9257038603843126
1.3786117197240442, 3.618977236508077
-2.0363238092614995, 6.394827672445577
-1.9194712711870578, 1.8256643199924993
-0.5741592665369859, 4.721106148480225
0.7549206892145388, 0.09381325590641687
-1.4263398101247424, 1.9629395037158839
-0.857511541829364, 3.6564892903259434
0.9340986272559161, 4.016900135058482
-2.034724189817376, 6.658986861280511
1.2194114539512566, -0.04442992893517905
1.0981094231574677, 1.9116358140500982
1.5655424990598512, 0.6183669906595647
1.626565455847049, 0.25982310346435256
-0.42830266668436545, 8.896894975404233
3.1725728369695423, 0.37876345551308477
3.158961478895028, 1.298194344536643
-3.1540736495460777, 7.267374295354401
-0.37165534408262535, 3.5422139391918313
0.9530373305257873, 0.8731142362955578
-2.400671503705651, 8.723692005690372
-0.847336147456823, 2.4940940127836466
-1.2423169603596476, 6.78655964417888
-2.0322447351197903, 0.8996003929789063
1.742933260191581, 4.660080144920679
0.06194074245341019, 7.926896848832741
0.4972689932494816, 0.3906288901725994
-1.6374945160301126, 2.485450282754678
2.8261044818378145, 1.1408318753404285
0.4168438956910858, -0.878724956408639
-0.3165868311769535, 4.570838196797573
-1.020234987193517, 2.295656789578067
-2.4298870896590787, 7.500368715289808
-2.168663406865419, 7.675173795212967
-0.05444528412089422, 7.317737373516324
1.466038534922728, 0.4491986537338776
-2.266299315732101, 2.5419222953618634
1.9744559084891369, 0.1938046239474902
-0.7922683721305357, 4.659269120192159
-0.20288785209119276, 5.605215399113151
2.248131476983264, -0.259353620877931
-1.936758551661725, 2.464544829194606
-0.6784114569460593, 8.577011066601283
-2.636489273416013, 5.260257388872328
0.0774223061937358, 3.1259517909630867
3.7410598240921815, -0.750382546428243
-0.27490203046887407, 1.7731896300905252
-1.1047918466747697, 8.722422581800059
0.21056788406840876, 4.859574291531263
3.816533648852741, 1.6517593235941797
-1.219499537032464, 8.38842386503713
2.3943267773753085, 0.30803161798690704
-1.093785283772972, 2.7076934475363603
-1.4582563138563596, 8.887613492480265
-1.0654351357807654, 2.8714011053002326
1.6011871589172728, 0.9836156333723215
-1.0710974374048372, 6.812286885612644
0.31621375841241217, 4.479606280744418
-1.6985376095592803, 6.416225934826923
0.6800830421156372, 1.3986558921178833
2.614566502823762, -0.16603193108761105
-0.9661703752308457, 7.497339472594155
-3.240819402772195, 3.3229625345176084
-0.8281141525344564, 8.39294681154649
-1.0143417817957832, 2.5587656662672376
2.859420775602749, 2.9560282663059434
3.235579029237347, 4.2615301757877475
1.8855092275303924, 0.7635308771695167
-0.8768620401711357, 2.5537124524173667
-2.5762604020442597, 8.066926775434805
-1.8346026856663844, 7.388588950588297
2.306265637441202, 1.9524215851182196
-2.219598094579477, 6.971411876694368
-1.2440807756636498, 6.351968462273593
-0.07419392093785127, 8.366591388970791
-1.4037600762378821, 8.486762074438976
-3.0698254603761956, 2.516118519206622
-1.4225479088125523, 6.679667536678391
1.4973349549992536, 3.7279993576353236
4.675841367451117, 0.15019048187255746
1.881803624359999, 0.3876341201823199
-0.949969416168681, 3.7362359921602843
-0.8251206411048764, 2.9911676933407683
0.9092670949254347, 0.9447297545964305
-1.5046913487054212, 3.461335700915848
2.934657463346248, 1.5330881864919323
-2.4908627131984398, 7.807761556807992
2.900263124433715, 0.2220698323078738
1.6332049384178133, 7.241598100258907
-1.9290628795469213, 8.920207592279299
0.5207375750291519, 4.321266486473447
-1.9561133098683827, 4.29310768178002
-3.1797076554747488, 3.983809080050012
-2.295753172896715, 1.7487865140110956
-3.331848114041075, 6.684309880015033
2.1304541090405142, 4.476291743941256
-1.1129903431116723, 2.718602206418531
-2.013995444933729, 3.8168496559211826
-1.4314921373950387, 5.255291922811399
0.5094245324937325, 2.8868812143221305
-1.7041506294113042, 2.5383281406872626
0.38243861233520327, 4.581755385770853
-0.9385521853744909, 6.493755072217559
2.1229017514997977, 0.4346419058288859
2.4703491517041014, 4.098629063682589
-0.8496580968055352, 2.885971185698982
0.9176835274126343, 3.9862442335181907
-0.8793670671604845, 7.549141734831569
-0.13126521533080027, 7.561904237733764
0.20635400410117866, 4.843036518740207
0.7375501782921126, 1.4386718798977445
1.9949799877937588, 1.175744707905881
-0.10779610080555879, 6.649078014959892
-0.30942404835237414, 5.11917970642402
-2.940661511802608, 6.889239395285435
2.352781875387824, 0.9416859361132848
1.848322810875587, 0.2195681991516899
-0.823318458578517, 3.847027409101814
1.0509448092182645, -0.10052806829392724
-2.253616039204703, 2.700719145608956
-2.375976885915566, 4.547382304565451
-1.8084794440220076, 2.3284955593545535
3.009457102331643, 1.441808412295945
-2.147986710923283, 4.652454436256832
1.2809724409460734, 0.6282738814866966
1.0499556490840192, 0.9990708066061479
0.9188005600811004, 3.9125702752743736
1.7965918758079167, 5.6637358691278745
-0.4283223649907588, 2.7908150984946056
1.766262310478645, -1.100975815645436
0.7146246328355943, 4.121542543658447
-1.6355692122030006, 7.48787550272615
-0.3769915051316244, 8.496030823683173
0.0372885058687098, 5.320808318861634
-1.9102800449080077, 7.088543678578324
0.39992348312320014, 1.0513081207536032
0.7856165849650957, 3.9089378134149397
-1.082122650814655, 3.9402745837751922
2.0567385216782887, 0.13095880540103655
-2.8898449604299152, 2.1261257456896585
2.4645222723420948, 6.199676503478973
-3.1005984314411865, 7.122133025249517
3.363936273785057, 0.8718651016834498
-2.6225752421944177, 1.8249856550070926
1.7287065437536702, 0.8894537776683228
3.8633993320118534, 1.33430213456723
3.1002908969355687, 1.496703186314121
2.076554416766869, 5.601809299774612
-2.415549296313542, 2.7820724186894363
0.8326905668301745, 3.9217618784980064
-1.7005122489412872, 3.8161228837367385
-1.7835541487023863, 2.8794056030941695
2.20993635507921, 1.9392320487565187
-2.0317550387326264, 7.942979047307024
-1.9820725007723285, 7.303022356642645
1.1640919667665037, 7.37824326318093
-0.9884670128673667, 3.4012241131136944
2.3395820404308223, 1.3130642861090638
1.441932518276955, 2.7675436411711662
2.3472590848376162, 3.793944085309911
2.4656260406209753, 4.825091075724104
-0.7730383296596046, 2.0296940502476097
-1.5870418987255905, 2.0517134623256505
1.401982819504989, 0.9761776851121131
-2.5214889505772664, 9.367228437176635
2.787691531187754, 0.5224412591772641
1.918738197766889, 4.036192581213042
-1.2512205261844729, 6.058416409265075
0.3085573579759361, 5.985709067521528
0.7424178468830862, 2.3125377958603592
-0.8180444378547651, 3.340700836009784
2.92857935750329, 2.0973998363529747
-2.000264938724384, 2.714311589859646
1.5435603563991644, 4.081112226933236
-1.4627508812347405, 9.4984989733965
-0.4393576977550109, 3.657186794466149
2.3874421424361065, 5.089591154279563
-0.5826664877915184, 7.839076316592297
3.139506027827185, 5.640315276884782
0.19679226244535641, 3.6308984910440607
-2.178760513152496, 1.1431374461444728
1.619584543609423, 2.7331639188149373
0.377616141623509, 3.1878903414879955
0.3628970839587695, 1.627010006218363
-2.398861410500201, 10.389909434392973
-0.025291012825311432, 7.504151379612092
-0.4702646210168928, 5.1040852767884175
-0.6261801081327247, 3.809246367686067
1.5232737120217161, -0.05859476249434592
1.0149006303866832, 2.6470722251264363
0.9605879669439403, 4.464715495746613
2.248481074666574, 2.1950057490308277
0.9592496646850545, 4.682939063003472
-1.4829085017779167, 2.6004200441730507
0.44356728656694056, 5.39453706188289
2.0654530401449516, 3.0959599986084294
2.89921210502688, 5.784302118882814
-1.4247256862779347, 3.422876983113134
1.993629469260663, -0.5350718299961712
-2.2153828457893616, 6.824913806862969
-2.545183338788757, 2.263312126335539
-1.28822244229007, 2.8016598217953708
2.5215575649830675, 2.61249526861398
3.038903717222057, 0.8120487057074397
1.0214040939785054, 6.643412133468448
-1.837068974279994, 7.669306880033642
-0.5149875141591105, 4.743179028712927
-1.2207006169181969, 3.2815801540464857
-1.799436761709665, 3.6554037747470045
0.06636960272812131, 3.4866046604535947
0.163123796502041, 2.577504725116713
1.4711739746379586, 1.2327692801339358
0.6088464574495493, 0.44531338436884516
-1.0272570581099394, 1.6991984313559259
1.3353269892909831, 0.004089257623745568
0.38486741073838426, 5.428206511958758
2.498113635179617, 1.1160607330678738
-2.346678027638303, 7.458195560159468
2.080653125839337, 1.5080554242433495
-1.0257801981174308, 8.379814893926987
2.9766759192434593, 1.3584781370867673
1.7165853359874803, 2.9324262039590905
-2.2640891827928193, 2.239552423459153
-2.217923826397274, 0.7123769063133008
-1.3366288994785636, 8.103130909002372
0.6055660753260417, 3.358171531892099
0.43511150649364283, 9.076186254476916
-1.6554915635382659, 3.3733022522699323
3.616547120388685, -0.04260657601926798
-2.4774219586664357, 2.4538858380022788
-2.986587642920801, 8.54259475996252
-1.54190910025327, 2.804470630690389
-0.8533075857839025, 7.331570127853445
-0.6563644476880002, 2.736019603139936
-1.8615256191760274, 2.038325164021739
-2.7377596511654954, 2.5241485496387335
3.6868649489651495, 1.2754228296686547
-2.1731488478466177, 8.16498245781113
0.6844327157986323, 3.5422951156367666
0.30854979218709566, 4.630749922852847
-1.2461807528267839, 8.862260594492561
-0.12403404029938958, 10.130341181896986
-1.234271239886874, 7.256517664249727
0.7567290502152818, 3.2197507067764555
-1.6033388972020706, 7.083891025510656
1.9488058676890319, 6.437655574652927
-0.04012153913627459, 2.9606619812166897
2.4908136807285315, 0.29843938247821744
-0.17134086629664025, 3.9456732519685334
-2.7394197577108144, 2.8372837451829973
3.6733217904331035, 0.07325453861010223
-1.386155473644857, 6.335106739477265
-3.3448132559617982, 9.45718799389119
2.7749356919702097, 0.6492443532328986
-2.181333615640251, 7.596683698796362
-2.5937635027661248, 4.443160022219218
-2.1866152604315756, 3.3918901286101524
-0.7595651835379169, 7.727498072507946
-1.9459860060297274, 3.3149884977829016
-1.6575244092170247, 4.318571295776124
-2.30413205537704, 2.6178786843953277
-0.7599135626623542, 1.891875009707341
0.19364092271896993, 4.193398028421503
0.5650021335255797, 2.393803296889569
-2.716622731210576, 8.411938718700146
-0.07310038282627507, 6.7107573008778605
-1.030724600933525, 3.4948381547317764
1.3357744781175052, 4.159220510514654
2.9818258223999745, 1.4557455405566027
-0.876819498849591, 4.738821535422798
-4.1059547584113805, 1.9803728752243934
-0.6561532235214882, 4.2366531728338686
3.4567909374381234, 1.0560975067234686
-1.7292997967401855, 7.600765661318674
-0.9247405236458416, 3.7911553096338264
-2.1537915699656454, 8.100500617880913
-2.0251156318080152, 2.4864679202284377
-1.674257677804749, 3.977688556266897
-0.7049481369479385, 3.41481596935294
-0.18303106576800965, 8.192613676949327
1.0220285958479411, 4.116603477422556
-2.1785602222796863, 3.4226977176736244
1.7316657742098334, 5.171194738803308
0.32883243772394577, 7.0226579148027035
1.5053153168809268, 4.726415949157215
3.5861998724617026, 0.9901113954077454
1.900231713314552, 0.9637239217244294
-2.729379321426338, 3.333981895748946
-2.724331708860472, 4.404281514799507
-2.8967635151748476, 3.6973427925921842
2.715142756001006, 5.298181718763889
2.088357272571638, 0.043502399123582336
-1.367712246553094, 1.9297855733645117
-2.277368743045465, 8.80854001979126
-1.2215832582094073, 3.942047194106193
-1.6170193109517008, 7.205234268010989
-3.5464440986086267, 1.9336732590602745
-1.6413910588111063, 3.1695125101530133
2.27951974239856, -0.7810247028907198
1.6660882430812833, 5.605633557013388
0.759320508609846, 4.7491805783431875
-0.7134517681077983, 3.3911728562479224
3.640088048781896, 1.545631450947825
0.8423997052238532, 1.1814332143212822
-2.2719272300295943, 3.9301427713984585
-0.4734642645914573, 2.354474598214953
-1.6740716411100192, 9.843609295018553
-1.3240229687792837, 4.164577402227558
2.1536454282483537, 1.2790799141471076
0.038389847395043364, 4.736895280599733
1.5976269271433519, 1.2694747414354304
1.258492215126577, 2.4457304613166757
2.5978783049316743, 1.6136025533749285
1.241671524338371, 0.37602214996731786
2.652174002680832, -0.08962303351971557
-3.5552135401919447, 8.567052520663733
1.7636255350810335, -0.8433591484209646
1.5903494488925753, 5.225993999014917
-1.8018981646773815, 8.171714036012004
-0.663886860070814, 2.328184465633798
2.3242915946091247, 1.4225815235838195
-0.691287457905521, 6.099218211341443
2.0827772234627138, 3.1296800494631145
-1.03098909005282, 6.189866291851602
-2.300096523445344, 1.4279492531116305
-1.6181710329480814, 2.516311585820207
2.3020335454128484, 2.4236212208227452
-0.976115399119174, 3.513305418096846
1.2730032510406084, 5.133773486529493
-2.339288752122864, 7.708604142678981
-0.661378822550643, 4.191926799280207
-0.34852496217459716, 6.25692982970048
1.4244653629698076, 5.999968900276551
-0.19029821326426521, 8.440681373973453
-0.27652528150343114, 5.0812776832803
-2.9565765666138333, 9.465442259649418
-1.0042991508381658, 9.405763927552826
1.2001136418594058, 4.633410309576128
2.0830296530583796, 0.4721214471664888
1.784060181542714, -0.41951112886785746
-0.5508664878529796, 1.3609483288238622
1.4300519911821792, 2.4740469164438585
1.0914179516865872, 3.924639764568467
-1.3878398629172228, 2.060212056757723
2.0727831347110963, 1.2212894245470556
-0.9308559144171258, 9.341026965398903
-0.37649727884832096, 8.209960302883884
-1.8579146166236513, 3.368171091980467
3.473470470133502, 2.058465679076988
2.9057982049563162, 0.058539469338663164
1.176106892597803, 0.6665620523449403
2.301916476685324, 1.5056561693443342
-1.6533620642076114, 9.580744588329189
-0.8502574514510519, 8.073239649094191
-0.5660862919385353, 9.40107587528768
-1.6329736268397042, 8.39646290413923
-0.015264663337587026, 4.6243505085941115
-0.30103150345242247, 7.806165612066675
0.7629874114115118, 7.599956701307741
1.6520792145833445, 1.8470691837311555
-3.1581235208754386, 2.6164099464714297
0.6011229618852112, 3.077591135665371
0.622838329789296, 2.6873131387973572
0.9305661178862602, 4.5242949832055634
-0.4542679659630322, 1.779314391017646
-1.7178021332670612, 7.785849356961596
-0.12110126027460422, 6.51063264568187
-0.6342744662767242, 7.259005362684612
-0.8469600071059499, 0.7547846129369971
-0.6349066093425145, 9.679159992119162
1.9520547699711703, -0.15372673872212772
-2.4109187429699914, 4.152026297113184
0.4638196459748465, 0.9008858763810925
-0.7469352769588351, -0.29076076164508247
1.9125798093594129, -0.32997276047247115
2.5160618491341333, 0.4966775020415358
1.0257650601965858, 4.797624103729346
0.2817022188151296, 4.15415278712072
2.010679965028013, 3.3075746870773237
0.12368423137584805, 4.3267470830563415
-1.4202517187188732, 4.436885541269268
2.270820575221563, 1.465671019164357
1.871530351436425, 5.67875139384138
1.642995766828335, 0.4942044765171356
0.5074058905796994, 2.102346041947832
-1.6505536391139362, 3.422852242795963
-1.9230272109733548, 5.172165960138085
1.211091604495227, 6.435940738018834
-2.261945047267342, 6.557871643344944
2.470754623037864, 2.2338023024348574
-1.6295456445544452, 6.58651108256872
2.2060857277654717, 0.6421928737501674
0.5730931315733154, 5.526232397830817
1.0721493376871702, -0.0006583114940791335
-1.5967605114780896, 3.1679961682162485
-2.6268748207912127, 2.513530041709123
-1.5261957420144296, 9.199202608468937
-2.081035260306391, 4.417373751471886
-2.1176611661318674, 3.8898525551986984
0.9201370580977379, 4.3024022847132946
1.6700432312366276, 4.144213889302123
1.1713397756978763, 2.5222244717427986
-2.454266941294872, 3.8062211233299656
-1.674541427736743, 4.049694218161576
-0.4234002464935298, 2.342626266527005
2.11043887621311, 1.1966411160569543
-1.2397008487398395, 6.818443814016781
-2.571720332601762, 3.707787203118616
3.315836366475027, 0.7972701565365709
1.1596092778040963, 5.974730360237247
0.5703283513580116, 5.028155832318355
-2.2608417000841143, 8.080445222729711
1.2158528384028864, 3.9339861611445865
-1.5794391249199802, 7.263740982163155
-1.0921126502073428, 7.278670271278261
-2.9207003623170307, 8.457535212159696
-2.0081900425640575, 7.36313677589464
0.5411165268248577, 6.153051055927731
-2.464851608483394, 3.191611710857847
2.4109710371568625, 0.4203773895347075
1.9066785746576114, 4.12847092512137
-1.1187629388047633, 5.752225513728646
-1.219847330106561, 7.43739853467593
-1.422076210394691, 1.9246250438955705
1.9171876931216083, 4.708991407771278
0.17312869120486674, 3.8394496360128985
0.2982442969820447, 5.601633118099489
-1.930001298454068, 7.224394101146459
-2.388119566620547, 2.4082871283867653
-1.859662777797129, 2.71387438885662
-1.0820505750353968, 2.9141194441880987
3.0930611000301704, 2.6929089239984565
1.6485648355589304, 4.711249163689501
-0.06590892346955801, -0.9411829438205617
2.3075989528173992, 0.5068656638569233
-1.1101841303005435, 9.040060482290773
-0.18108518064435852, 3.9914950763226966
0.7082667075951147, 5.106243723244785
-2.434369994642203, 2.725478053537216
-3.3321557018523267, 3.7482682666735148
0.42485699904590835, 4.157822811160483
-1.500657395360318, 2.803547101460746
2.5918640419997017, 1.3023591155522372
0.020325078053718082, 3.9578055517490034
-2.548817337648834, 1.7674444915146132
-0.04177179674086973, 4.225932571507539
-2.2159524426398765, 2.3697950738605873
-1.4999121336925463, 7.248557370461593
-1.4991781715273103, 6.059254991631563
-1.3736155440894815, 3.612010969471009
0.4709117612820851, 3.4879957854544186
2.2954069548480707, 3.4213685088984715
-0.831201885754026, 7.227592067252126
-1.2128783214013024, 3.2907582701855604
-2.4617793775006307, 6.632571691125591
2.8072141091100735, 1.4606533785240647
1.2770839999767558, 2.6344386169146476
-0.3302567731888215, 5.961918007066578
0.37561252088870656, 5.856030507496951
0.9089944696235133, 2.985391457803656
-2.226476390945821, 6.312459879462299
3.6430290451782454, 0.25440605814919803
-0.6260812490128755, 1.4119709097617357
0.468752476889138, 3.251907224896716
-0.35011705083804157, 2.625288054175032
2.5785292601209546, 0.36008029137987496
1.4287591711861414, 4.401683472861017
0.8745728039916234, 4.323066711961467
-0.4498665402743689, 2.6930557000629713
2.624405010754055, 4.468015082935724
-2.1009700068135335, 8.241112245446248
1.1182232418672746, 3.984458910303295
-0.5118443710498785, 7.449456653432282
0.058265308727449616, 4.556283954525262
-2.7725621460875023, 1.7466919258989824
2.265116999355933, -0.34296093961829066
-1.8481629502799148, 2.429316040578497
0.5353474462539036, 4.023431832263881
-2.3027015986373107, 6.969826374055568
3.4886200243148697, 1.3160616712471294
1.0619061460097425, 2.939735809764891
-3.0579459674776377, 5.975936410014667
-1.200951274705093, 8.075083929731091
2.439590926644123, 1.9073755147496512
-0.3103644026767559, 6.982221531366283
-2.0997783591499415, 8.257644623610686
3.313011738928916, -1.1889713194826057
-0.16245855004021936, 6.4543599295586365
1.027845021316384, 5.171063956256818
1.1845450566233553, 5.2804263639321025
-0.966581217265659, 6.309682503776047
0.700599543985938, 3.5940593616015017
-1.255193215952073, 9.745350577550605
-1.2792941508556943, 3.2812804838127865
0.7693664023825233, 5.183966239529172
2.5681843682606544, -1.6435751477502878
1.8930490738561871, 1.6670938381152407
1.9270255474051758, 0.6258920934472402
0.3290886466987344, 4.776034477536239
-1.9086391004624714, 2.765087797931036
-1.4674999266030233, 7.388995224308632
-3.0496721037260914, 3.47484638191201
0.39109453626670443, 0.771094328298547
-0.6967822279452306, 7.0229439694559925
-0.6893560990755789, 4.878763073847034
1.913012542081752, 5.716115033485833
-0.09322934016265272, 8.505851704489425
3.2460247025341027, 2.8494216528496255
-0.30941713183501107, 8.28251416796575
-1.415031616325607, 2.242179117961472
-1.463007821571727, 1.3105621020990648
-2.849637132743701, 2.4695994621743274
-2.9538416986488967, 1.9853120314361097
1.616401604644087, 2.686831283137556
-0.6435737445003491, 9.50377107527592
0.6617146656009316, 2.6981092756197604
2.609395099759648, 0.22753776221064037
-1.4210693696051266, 2.057372514223515
0.5249670414439689, 4.5694753024146255
1.5881972712776529, 2.962290601865347
3.445801488506816, -0.7436849488850923
-0.9260506917708784, 6.4606656271330145
0.18393256932475022, 4.332297304062147
-1.6166921180690612, 8.324245758285066
-1.8693962034723484, 1.9184522447716024
-2.2532698454080076, 2.745423664651666
-0.04070319058671368, 8.372840209000627
-0.721474069488801, 7.9365208599990655
1.2626137674387747, 4.912631161923841
0.4409999140136506, 4.329192535833406
0.37995604009598694, 4.2512200311788435
0.47725344055231217, 4.325138551291938
-0.9694330046174637, 3.391003833313098
0.42894558360604784, 0.7628412088435828
-2.0820303587163553, 2.745399944226162
1.7145751775549476, -0.3655092521472174
-1.6810830433565607, 8.210428740344721
-0.8356573596706505, 8.361852095792708
0.528104715865787, 3.654449399718002
-2.69135246709237, 1.6393684208124366
1.3326364757208968, 5.010360495640338
1.4749603534563225, 5.351759483416442
-0.33437111646264317, 7.577565156032237
2.1014025803885628, -0.06071082028862462
-0.12366399876203138, 0.2680132329977556
-1.026887317364603, 1.4860844832680853
2.0101542177395433, 0.9767853838674719
-1.1557314605728661, 1.9280597117860037
2.490075479164036, 1.4377581204627428
0.9528469735250429, 5.382982055560879
1.3753164241866251, 1.5311945710217398
-2.402058762135822, 2.324361943985597
-0.16566440427525686, 8.203463674922137
-1.5104125262410408, 1.696105926638351
1.0508564850900486, 3.226688258044395
0.6103004138449526, 6.82611902826115
1.606500508327379, -0.8465240966160184
0.338833052994266, 3.9065155131195923
1.223081487282816, 1.0700027991671257
-2.3865797329611667, 7.96462218988197
-2.937727326602242, 3.0827949905878214
1.1312175042434114, 4.681949847050563
2.9553217641969503, 2.699905889728484
-1.625039883853685, 6.926427689389503
-2.08436137911758, 8.166552437129992
-2.5584530803783583, 8.91459066469583
-1.8492127541286072, 8.541931629343967
-0.10704004102546971, 1.9527756532687055
1.343814974568764, 4.494098885042329
-0.6255659704260419, 3.41660638560335
-1.091186311888342, 6.855000770079438
0.8657294213140224, 5.32396003916419
-4.246583377544519, 1.8212805142404036
1.1203136497073731, 5.758060834411365
-1.3973494926756864, 1.5119151801904944
0.9162593283159126, -0.3167377230213222
0.24722541975179935, 4.500344728177175
-1.6250652244278359, 2.0312680012770103
1.8938939851550987, 2.69211246516301
0.7342502486762755, 5.822048497804095
-1.98045711413068, 1.9262539029551022
-1.4245681663876855, 2.693789894270194
0.7085365416525287, 3.175775995978383
0.11729769010215274, 3.404845170982854
2.128601643329615, 5.383405919485211
2.4761858056085346, 1.1442658461992712
0.4359075385353355, 0.38662319635782705
0.0884843309163823, 2.322990859224463
-3.197827562375913, 6.875354449697308
-2.111279288533227, 3.2834737215577587
1.451427968636727, -0.25189040331918133
-2.2217845349198058, 9.91368997844987
2.553404440220965, 10.150630649647539
-0.8573416727128228, 3.9223014535947476
-3.064144619263974, 8.586559613436131
1.6573554228420364, 1.6802425407799144
-0.18887976223686143, 5.2046138144025775
-3.2442326439029143, 6.949239196466977
-0.7080646406225576, 3.058378168772599
-1.5767197372875836, 4.957405922888751
-2.5049359029142724, 8.775074409149044
1.2414730382015722, -0.5514539507989935
-1.223247539695627, 3.951839248145906
-3.069192164021584, 3.78003031821739
-1.9914833147634683, 7.440237949791534
-0.717163282407458, 3.9978134784756585
-0.838273418797183, 8.23610038245112
0.1587769809302686, 2.9024400344090795
-1.183470035452236, 8.78032001763466
2.1539349752486734, 1.0948447151353042
0.028781483639615524, 4.548230783410022
-1.11773174888121, 6.17088676467395
-1.8655981212982407, 8.356954256952648
-1.357026053424981, 3.008708188369448
0.3249914598827921, 1.4864060667454433
3.634132715849366, 0.10216310988464583
1.7907899010343613, 4.36271291663002
2.7869264484632703, 0.8321752847934538
-2.918919929779941, 3.510087942977162
-2.933983825213702, 7.952935003629563
-2.030613450590142, 2.3308659728279744
-1.5181369083161145, 9.102590956261665
1.9057751900260231, 4.8860119188463145
-2.3832068402171567, 4.1777575928501385
1.3524160956712539, 7.656839416941137
0.8730512267529372, 4.714385829386762
1.2929059847052686, -0.5492766748178717
-2.962312367466936, 7.994694216869874
0.3692782154112386, 2.1180961229473523
-1.3203287960682462, 8.719574670357456
-1.1852964194822455, 6.963814802870784
-1.0120302851778666, 7.082877731304795
2.0953389779806533, 0.5699087426415201
-0.6020379998509741, 7.703889104379666
1.5813901626286617, 5.199343312999714
-0.02918898590234198, 3.483149463869574
-2.3477873677156333, 7.9224614013692545
-2.155884720813174, 3.9879547734041
-1.6065265544234495, 3.1498369637963806
-0.8741177769445667, 9.145724619024923
-3.4406466840834122, 3.581443837924504
1.7303325631123787, 0.1863573001951483
-3.2116329720958463, 2.4184655003110844
-0.7758787090321352, 2.018769322906584
-1.0645022793144614, 7.069150363694513
-2.49383510167864, 1.1861509148651965
-0.6341958603482052, 2.4442782043694646
-0.9718560708114713, 3.573806672705625
2.2542570158380655, 2.886395578533328
-3.0889183550511716, 3.92398932843067
2.8325444852008332, 0.606622196664911
-3.4407047178918866, 0.6323828125434776
-1.6567112064202585, 8.940014437113643
2.595390547833372, 3.1881307304684756
1.5265968624973894, 0.7896598231569789
-1.933352755077577, 7.125939004933594
-0.9099402355204907, 9.282252089561917
-0.5445770294216074, 3.955327058064033
-0.0023095179151355616, 6.398819350957012
-2.625001973584464, 3.4301489881591047
2.7089912654656283, 4.988288434307581
-2.413808339505781, 3.796186019065653
-0.5046936586360811, 2.5004528049911348
1.7730716447424428, -0.26053952524609203
2.93639861853251, 1.9306528544578825
-0.3559415760480067, 2.3351626376623695
-0.5121663183921286, 4.358185902350746
0.93741792029346, 3.111713998261536
1.306846834820869, 5.253033801006626
0.6324726128065352, 2.819988415382335
-1.2936391388924227, 7.782321676200113
-0.9419832864409665, 8.83460986583896
3.351417388960761, 1.5141229725640921
-0.13227924671940783, 6.914921852550154
0.05715663367655133, 4.496541176513606
-0.7119599492249371, 4.191321344888837
1.3151742037624397, 6.324830888933187
3.1142947758748445, -0.12490073132274881
0.6283579292203425, 4.46013629655237
2.6546368939551748, 0.6413467662482941
-1.704041396537229, 2.0271530782716267
-1.3827975280986735, 3.151340340995441
0.6288194260479318, 3.722518850588065
-1.8972117021939654, 7.795179197319308
-1.5585666243253669, 7.940215059903824
-1.9571055948887564, 9.286988032616161
-3.0545359614006795, 3.8466241861400645
-1.1084291769784989, 9.57431722365235
0.5626510977867477, 3.5563325160076324
1.9980606641351681, 3.751246654031661
-0.9761451314838623, 7.371755568507621
0.32834219619857374, 4.333538487507803
0.01576569691334706, 3.5106699647407185
-0.18455032196395216, 3.115735570900276
0.21415556662399693, 3.4160071908124547
1.433685684767486, 3.3391753137146614
0.45052899157189086, 2.3563784096139306
-0.4087651024285456, 7.661530085336438
1.3011396943426812, 5.300905308240149
1.6537099769335344, 0.4291876152582137
-1.3143710006993539, 7.4129612988161595
1.1755702754429602, 4.253183786486724
0.6086896313969836, -0.6850219818648522
1.2043234036705623, 4.505267274152823
-1.1212318214249601, 5.786228102396928
1.8549140414278906, -0.8163824561110595
1.153696220800248, 3.902006391240128
-0.6177155178909393, 2.9986021517669896
2.4443614902985984, 2.068704724558425
2.502291678318556, 1.003383655405092
0.3198064035749636, 1.4692328221736877
-1.3881587619317262, 1.6435628935987059
-1.5770114720121982, 3.349516114144346
1.0645965908057287, -0.10500492743185408
-1.7146989351967123, 3.4048195662730554
2.5894686922786496, 1.2155487571761183
-2.0631741573086906, 4.12771948351722
0.9867700992673155, 6.089657821354225
0.14458165801070666, 6.4584414448504575
2.5114205572599335, 0.540084627969339
-1.7523878549098884, 9.11398920462626
-0.7997291432014689, 2.878976954669316
1.2465499894533443, -0.2064603258613249
-2.820006512239332, 7.807611635134881
2.3776149098384547, 3.8934055337905193
-2.4771509716810396, 8.723854125213999
2.6218128372510905, 1.0439681059389812
0.323861496159475, 3.912833952260789
-1.073188315908707, 5.717009381001298
2.8806397535203927, 0.5993404909421032
-1.4273381799399532, 6.284018877405283
2.1601746865183906, 1.0315765825534127
2.3539811814248868, 1.8083093321679071
-1.4448130191671438, 7.260472178274126
0.6977937277997284, 8.811841760161542
-1.904450932281194, 3.7725249900455715
2.4778478937057606, 1.445144232042602
-2.2698156273278407, 7.365435698986591
3.4581122615331212, 1.23350838134325
-1.4137150389818396, 9.028701151609805
3.403303301857597, 1.8053624579258356
-0.5685463337258506, 7.449628515530093
-1.8314670695621367, 8.479461714536505
-1.6922157837856426, 8.253663364294711
-2.3573285065405276, 8.028076125676206
0.11504439349179252, 6.213852280547424
-2.189801450061865, 8.090175552335378
2.824038165832353, 0.47633607261325633
-0.10280104252837896, 2.2162146780287735
-2.921744206056549, 3.7134318131025297
0.9383179676861544, 0.8623669203350213
-1.5715034059474788, 3.1780151662718903
0.005165508102010441, 4.6186045319642135
-2.7788720191447673, 8.163083194876375
-2.7429805939677663, 3.058554164641084
1.4467032233929769, 4.615234399002546
1.2893377801973964, 3.449691588146665
1.0739950462613506, 4.8867410072016835
0.25067270008291076, 2.9204233720533344
1.4145417972426788, -0.2366479337842906
1.544341340200615, 1.672391979005099
2.1550496497061458, 4.123862491636039
2.0865350684604476, 0.8055515452459809
-0.37452472908547396, 5.486622595726482
-1.3525309645203798, 0.7241989096384627
-1.5574242891276302, 7.467044574253999
-1.2522568096094608, 2.3142618253140324
2.0820059041075147, 1.0811139135195131
0.5223464680027501, -0.8143065041562845
0.7349322870933905, 3.4255969846383167
1.274508252752551, 5.6301732241354205
1.4573852049353304, 7.063142441469973
-2.6708847128206457, 2.198308405415172
2.731256232288554, 4.170798905138798
0.028210018837162343, 3.531208487661824
2.0159995303949247, -0.0512691509118266
-1.4236221298436182, 9.057043156917578
0.34818251890491614, 3.822760208987602
0.9506509239064072, 0.8667274026639779
0.25749746401135787, 7.239926141335915
2.3746993547644086, 0.7598844456521662
-0.25035158085012044, 5.271233477498625
-0.3872825042502037, 6.144462253832545
-3.1946839061061425, 3.5059200100729355
2.0219482385877248, -0.6331398374615558
-2.0907502718375994, 7.660846362491778
-1.319686619810952, 3.5014521882424265
2.5606544600102206, 1.2569128164513932
-1.0924618440145613, 9.355463533142338
-0.3948988795445756, 2.356901258201366
0.03182382262824468, 3.8937376342458414
-1.107379904795764, 3.842316283291632
1.7489649156488767, 2.6421890363338263
-3.0468784728077734, 2.7013493894832945
-2.430359174054473, 7.119281958379354
-1.1700146189057707, 8.212576313010189
-0.009240659137655594, 2.8319523199848033
1.2018787330175988, 4.753499427680382
0.6300206308991851, 3.509151006376891
-1.7282894315644457, 9.664235445029819
0.622276167293011, 2.928836034030371
-1.0439371841300347, 5.914754416711665
1.402192228541956, 3.1407405844366094
1.2631745665498415, 1.9831930516576484
-1.5380396405625725, 4.26195663600655
0.5838810803968584, 1.2576442726484633
0.5516067761136294, 3.4738227299104283
-0.826223904128213, 3.6145329156693875
0.8602807161642176, 0.3972539926336729
2.7431489126076327, 0.9475209265377595
1.8953277336758352, 0.06570616672081209
0.17286041437265398, 3.6142375496981893
-0.3403516931084659, 6.742233833181874
-1.0499287153908088, 9.025438065437422
1.9562592101488006, -0.15299017664955272
2.3858002646677936, 0.7523892027331676
3.0638648082929816, 1.4252610427122527
-1.0484711533267261, 8.776807922152003
-1.6886179879599994, 8.515605781663426
0.5889432611385428, 4.001484576873055
-1.3123499614680334, 4.555271742469927
-0.4686701205268766, 3.093244333325038
-0.40426686138825485, 8.17843655350853
0.5810410958921407, 3.144366811048477
5.226242294723058, 1.0871632974858503
2.393492995117993, 1.5494449216385529
0.08080351735281943, 4.690689825307652
-0.109281964079885, 8.818301235458984
-0.8479865773913349, 4.607391231910391
-2.246740419676563, 7.149240501720558
0.1629058193422922, 2.837362999645876
-3.146588578594606, 3.4905092785382084
-2.8232644014973354, 2.8248581168888993
-1.687839325225644, 6.398918656372416
1.776834881977492, 4.382047502610051
-1.0544143892349993, 6.368280188807709
1.4302401307482067, 0.5072709659524288
-4.3589158831308925, 1.834455601068843
-1.437801443002726, 8.263488122662961
0.4488278319830452, -0.47538987610399164
-0.10776735055905995, 8.008284691081947
1.3280501892278533, 4.683022860983977
1.9881125115406841, 3.6458362826872213
-0.7454588012935284, 6.6146511542227024
-1.6693518820107467, 1.6091187470945147
2.4895981611197002, 4.856919391655974
-2.379795016766299, 7.539228361243387
2.6579751778622076, 0.30301389021753145
0.6283082226256492, 2.9503984693006764
-1.2200859015561536, 9.813832715521256
-1.960458345955073, 2.9558782747866377
-1.1379018725684262, 2.5784279398683436
-2.1623344518411725, 3.7707120296074907
0.8581060334179254, 3.6236091234515397
1.5661498992810146, 3.9399285174776
-0.7145704238800743, 3.4641541282768884
-0.07705648786068653, 2.036435194864659
-1.387903738594685, 4.324121509153633
0.10547292936461328, 3.7249376626839745
1.3826855722227012, 4.11061062589855
0.5699669481014324, 3.4397423363460202
2.0067083459620996, 2.2564637143904283
-2.4243135168532426, 4.254117352145744
-2.2573798059600367, 6.469907288720722
-3.8990978847349207, 1.5361372518381375
-1.070740401866772, 1.9730120639451119
3.45981303637259, 1.0441044304161866
-2.266073213612734, 2.859156067964184
0.5313033094612307, 7.804887571271636
3.655535340181637, 0.7088288797201531
2.93199429512333, -0.9292477183665808
2.6983220667721706, 1.4858885890558735
2.8258613252261315, 4.089620671248306
-0.5883188769721371, 1.8986311118279933
-0.05637302334563454, 3.8670389899903825
-1.6335566868821305, 2.424667874222625
-2.0535541665977326, 8.074212886047725
2.509049292904953, 5.7731460973486755
-2.2863995036509692, 2.667125584572973
1.5052136969630774, 4.549935116133234
-1.0790343491106529, 2.1621315008928557
4.376067360713176, 1.0147545320933788
0.6033619920011306, 1.2798664477232304
0.773373237779828, 4.193904548139076
2.5024796088877093, 0.2815425366144576
0.33265167571360454, 2.0803841752239634
-1.663043437103276, 9.591938658671815
0.46446915614954376, 7.148162993090863
-2.051843436135904, 3.1922992566151316
1.0549371724791725, 2.571649366948647
-0.9770471459255146, 2.9187821880042297
-0.8558814470870246, 7.180973510456634
1.324393935481492, -0.7440395688718473
-2.776242528083448, 2.2080971612136233
-3.675022491452803, 1.8847174860417555
-2.7883957600125204, 3.431886441149186
-1.2005289234949146, 4.401010889306937
1.5514518743407666, 7.509683691056566
-0.05978849375492956, 2.303029098662357
-3.8406771263941057, 2.0753105596201147
0.9405020066862739, 6.68453267866814
-0.24916544028367293, 5.148150303849937
-0.38413444336854285, 6.328996849669876
0.296278591185142, 7.421697521922296
-1.0447160743415373, 5.7510278802800645
2.887918260897356, 1.224729869058959
1.6671133289506284, 0.8377356572668462
1.9932143956345438, 2.1568307895487506
0.2799434246854122, 4.013390226644523
1.1327766165118707, 4.535968363648665
1.5170436638468852, 2.4857096970648205
-2.202795707222922, 2.504665232981315
1.0160368131329902, 2.7367926165867873
-1.727811546422832, 3.040413578986424
1.6918297413168266, 1.6767148800709284
2.662379193348924, -0.1505067468875363
1.8331006904491862, 3.652761734148243
-0.17991235327541766, 5.084985429158383
-0.43085867837798464, 8.482075629556853
-1.2868470839251867, 3.0180416694237464
0.12114637797593164, 7.80831508497512
2.7327296907792897, 0.9494840494203584
0.7954801780276077, 0.9262841641257197
-1.972740849545695, 7.032542604202627
1.2200748312413947, -0.049076751019252685
-0.48546260971491306, 3.620347560659708
0.6653839068480234, 4.401187493717173
1.8179013426201314, 4.054328747287441
1.9502878204139245, 2.2650786423980955
-0.20135888393613577, 3.163591026513428
-1.5635013061381522, 2.833658964805729
-0.6376277690114565, 4.091047047234421
-0.8542672946538116, 3.1777147563365986
0.34194798486553146, 3.941046161461252
-1.9159789656623143, 7.823904495417293
-1.7153530953519736, 1.742047273394894
0.3177171117414913, 3.789553361508401
2.721234667502416, -1.6368908021462931
-0.8222612924720144, 3.07347299630202
-1.224041464605427, 7.400669368891693
-1.0858927373641156, 7.825168699307875
-3.2230352800534483, 3.648065792462737
2.0741896253150727, 0.8156295067924527
-1.7324661964850536, 7.507541959331176
2.932182386797189, 4.693880650136316
1.3526956097021245, 3.2043865368641953
1.1950050694753591, 1.2259649549386922
1.8992436304355906, 1.9467568478579471
-0.24215406872090095, 7.860252674892636
1.2749631149313385, 1.1687764563846517
2.857319260173394, -0.9488683217267362
0.2922591808092785, 5.9633381236382625
1.7495230559490946, 3.1199066872550723
-0.19685332656766485, 6.247408513097683
0.17684767900339848, 4.5445748371903285
-0.19794326566868192, 3.135785648454792
-1.583883068199645, 2.521696816583306
1.666699102929544, 5.100459435813061
-1.3298042880866776, 7.282398104573211
-2.5395771369904967, 1.8905853842576603
-1.1394405038319368, 6.340049140381325
-1.4518707936255384, 8.263752276335406
0.303809630770544, 3.9442341659078486
1.8469824183378816, 2.4720348974135087
-0.003132815604852013, 2.8606010615426074
-0.7933091449925358, 4.929746524459684
-4.120292577963616, 3.015133138310909
3.4772430807253425, 1.3540270234187222
1.9065013691991988, 0.9936678649077069
-3.125568592802247, 8.923795225451101
-2.6251934445466523, 3.4904956143739128
3.715875081327392, -0.5189398224877038
0.522466037494494, 4.707051867611637
0.5916246554039772, 3.859951234293192
-0.8233531023962775, 5.953976217110252
1.2844832207263126, 0.4168183190652077
1.993524219974977, 0.45082740627531565
1.05641872533751, 0.1575268691984233
1.4082139950501187, 1.0689072050901494
2.0267386515984613, 0.5729333948549769
-1.117352234984214, 2.1182887616626327
1.402528809324596, 4.980695362478635
2.0583185743644115, 6.325260371663453
-1.8743140466359738, 6.505265603317099
0.2715698026902613, 5.247048052417885
4.204842056300165, 0.8074198102721862
2.155848730161841, 1.4368249340521335
-1.38690201846352, 8.759480353904376
0.29841606346626937, 8.049866028902576
-2.2621997315048787, 2.2838936020164016
-0.10660782927004875, 9.109615043156778
-1.9203531344075686, 2.9205998012238035
-0.7538103316843607, 8.596851183137701
1.8341940028388315, 5.444889194105963
2.1048641430610635, 4.799788273792352
-0.20119605389753392, 2.5758999836490704
-0.2188468565152344, 7.937519806705661
-3.128744965296423, 2.8799752001489867
-1.2938700575210094, 8.207415567206573
1.912715804377611, 4.26869215057872
-2.6235577246916257, 8.458470211602334
1.7544836449568508, 0.23705506596094483
-2.912953814135065, 8.265838900424644
1.2000270641820139, 2.154883310766931
-1.2379979577867386, 9.63690922426175
1.7110710649654968, 0.6449529878963302
2.1004333773717088, 2.7570099937895653
0.2622689572371253, 7.263981600589495
1.8971289023273141, 4.622514980391411
-2.530169770125794, 3.0925118391466926
-2.0516459681841255, 1.5326046775659246
2.6237264403571547, 0.5648518950857273
-1.139607571051297, 7.879589114437869
-0.8282537789141501, 3.439507488573463
-2.580551241600971, 9.72586371872325
-2.476350607361689, 9.347325320837891
0.7778711817264493, 4.397979627758536
-0.770130778383137, 7.7423372235941565
4.208387314003461, 1.3659685676275286
0.12454088129290508, 6.12651092757635
1.0097429643634122, -0.1871923995235083
1.7476760272233407, 5.333226156231158
0.18714745654882647, 2.1499336695963076
0.07886915164466457, 5.616257694589386
-1.6829021594502458, 4.910106851807771
-1.737738193501181, 8.599001482127514
-1.540355482579295, 3.733354230573183
0.6642939706302822, 3.4634969319690834
1.838866089874946, 1.6481682344734572
1.9126686220989546, 3.7781467343464503
4.7358383622018785, 0.6968551459422713
0.2566656899947022, 3.490794338894313
1.5994421736335092, 2.3238224119572033
0.18398341674035013, 3.772181419436935
1.4531684474687174, 4.452236908828468
-0.9648909073077238, 1.9099724580492248
2.094176227289093, 1.5242279106832974
-1.5709489105978467, 4.877444266538891
-0.5157704777387622, 9.742515858059367
-1.824191382267685, 9.396558572537344
2.5935971247090546, 0.7552182424285675
0.8425685188780558, 5.3815311334246525
-0.27311736416752186, 6.506123446307327
3.0158247458901064, 1.123504138540627
3.6724941311100747, 4.229862661167975
-1.010396568940146, 3.3271772579740784
0.8186030623826792, 6.560510824746599
-1.3195699671762156, 3.677038936441357
3.3229171090730567, 3.0246262204201315
-2.889809729598163, 6.945434463868355
0.0319015877222012, 4.541890475280702
-1.2832077971338847, 5.789066879393484
-1.98879782857619, 2.291392038184035
-1.00536595196288, 7.434625305373643
1.0237850611176202, -0.5323275987475116
0.218399218121329, 4.253703233163568
-1.8296500301261587, 3.907561703269013
2.4860386563785193, 0.7477720682047975
0.6822249704819827, -0.17007835108116964
-2.002079119051154, 4.190836010253033
-2.533463078016143, 0.7745741960944343
0.2659263562616476, 8.06647869785887
2.3408019266489664, 3.6143381428984522
1.3953248163305403, 1.1106808273678241
3.0943639618112706, 1.3767588840361653
-0.7330236509135253, 2.2186669822461482
-1.4112389391755589, 2.3705266870344563
-1.4584633152469122, 7.3912569516486455
0.4305581045287127, 2.4192014824689423
-1.5905655020114549, 1.337951731661999
0.46546494097762203, 3.123155143325978
-2.4400255507907254, 2.7394254464358596
2.9790640817468246, 0.7650956452842188
2.8732451286876834, 0.618749384834697
1.749314946334486, 0.4591892019033308
-0.29421491993923854, 5.273184035606401
-1.9323764703625768, 3.3518212295634116
-1.4506369884652226, 6.4262752340854306
-2.9333636683255366, 2.743058889715356
2.514852426266934, 1.177721519975617
-0.9479714511253491, 9.946068549229613
-0.710369133448135, 2.920267459248358
-2.8341083499261748, 8.86677911999822
0.2884324675178127, 3.0897099243542696
-2.074035137997421, 7.925079873480846
-1.816023016266337, 7.244300346719241
-2.862716747446048, 7.626860693417139
-3.3843872848164436, 3.3004803980565858
-3.0104846722870287, 8.665977384684192
3.511075473269721, 0.9531558853817396
2.473121224650204, 0.857644934586304
-0.4008474192646164, 7.636740169332826
-0.10182376087830525, 7.907445210577616
1.8715117911828858, 1.7222818795764046
-0.28560479290591445, 2.761984275567419
1.0272243555577845, 2.509558055958669
2.4034367566746866, 1.5609217496171108
2.122759778673685, 0.9140017440508293
0.1385920366385498, 3.71260422368396
1.5859567851537713, 1.7733593387174436
1.2934307048391838, 4.823827942019258
1.3421188664633532, 5.601612594421976
-2.9292345461071885, 2.610813774491686
2.569040832963979, 4.045214695771619
3.0240119145440234, 0.16730656437997693
2.167825052339332, 0.24211863045357873
1.637790171547844, -0.19983299483230788
2.0052055711413495, 4.231500319888385
2.141444363812998, 3.088561673177777
-0.975534022935107, 3.643895597718892
0.5070131985838355, 1.4296382989451282
2.215928711252651, -0.054981292877450905
-0.41637798968647177, 7.842321214181092
-0.15055573021024848, 3.5731095745835653
-1.2769390122437434, 9.518917964314488
0.6748367691256087, 0.36174909827177504
-0.8487814395376585, 7.3467652997235104
-1.5405944505972946, 7.641922904630567
-2.539361165965712, 4.1684520938765575
1.13244420643605, -0.5536748382530883
2.0394883043118828, 0.4059335519244092
2.5575957615076574, 0.03539666018470011
-0.7048276564247676, 2.7046670244613016
-1.919724616768114, 2.5816084022475443
2.0059434512853054, 1.1366972611847017
-0.5147357180471175, 4.302068985913943
-2.189095456752386, 1.3402751927937755
2.3615316252687255, 4.000689074024317
-2.6207990699563104, 3.123679065067203
-1.7837737105538223, 3.211353658982945
-0.9435360064006066, 3.844487029641728
2.886618579417646, 1.3856363426009415
0.22657973384359842, 4.3365960750621015
1.2729005545307883, 1.522782316371667
-1.02794563695242, 4.680663848299282
-0.09448254296404746, 5.358239054379527
-2.033940645347349, 0.907099992747245
-2.2705761879227784, 2.7588700097787635
-1.1183329926596497, 4.427509241681896
-0.8415985277885112, 8.318931741727328
-0.16730910489126294, 8.72483592379685
-2.916685032118112, 0.9642036987137164
-2.3037870633883326, 8.431071968936143
-2.7307317354887743, 7.875650531411888
-0.24166843304665586, 3.9988236895939697
2.341280048410996, 1.8762309573839797
0.5768210492836199, 4.673843215295909
-1.0127912493607303, 7.947767704068864
-2.629667425428433, 7.222821455273035
1.4173029858196464, 4.48258019318157
-1.7831367112173444, 3.775544171455575
2.2678545678704145, 2.4446951569287814
-0.17119857386460735, 3.8659672827039557
-2.796726825474611, 9.146887141991545
-3.0723353268265168, 7.256751502644725
1.705485341321341, 2.921135609707911
-0.9351770380703371, 2.4416578250184533
0.17044246779204375, 2.3512792366954187
0.5062371958456202, 4.087055856872851
-1.7530264829858617, 4.8436879987926496
-2.111463993817223, 6.552956601346552
2.0452110495638633, 2.135670595896377
3.2651176478431827, -0.508441111453074
-0.9690592822319399, 7.458408809368816
3.022035532599338, 1.4057315693294146
2.221131044086415, 2.22680494268349
-0.9309268210438133, 8.448140801032691
1.160195572886805, 3.9182975670727815
-2.1702234340555338, 9.609516353345532
1.762598040655471, 3.837368230712447
2.2413479166352612, 4.515284340180268
-1.8674640481597677, 1.6146621786547082
-1.8321345895854266, 6.504558734105904
3.076492264600041, 1.6063589330483634
2.496264939312268, 6.023376634864585
0.9457899677967327, 0.3501455592585051
1.6983959934072794, 1.4433209834079643
1.624171183922121, 1.4704150267951528
0.9977938736313479, 0.34167862805896954
1.872362540575927, 1.7939120852940962
0.3404240001676141, 4.9802206223948895
-0.7007783047907125, 2.86012570295441
-0.8522795636065383, 9.64696572046184
-1.9893113081502798, 7.8954690825987175
0.4334086025297773, 4.719837373709815
-2.9271602213498475, 3.0925623542312914
4.226432470751044, 1.5597379489376433
2.987526760009632, 4.2591919009925325
-1.3275069404164197, 4.86364365263945
2.211743778379177, 0.6813196816422107
0.5539552544212243, 4.408501356881675
-1.3392884426039555, 6.0064833803456485
2.399253575062601, 4.69987391240495
-1.3185953949038933, 8.633254957904438
-2.5625097446064, 3.059549426204653
1.2661653411762277, 0.8989121157264235
0.3622032035520937, 8.399670656036411
-0.883272737768567, 3.606778927941055
1.256711783862791, 3.3106637165188095
2.659404261875562, -0.7319199428105014
0.5740215592355795, -0.3748944750943801
-1.4003352116911305, 3.71088933203055
0.3270511029860541, 8.684575227112038
-2.8474293600499374, 3.4169665370048894
-1.5160035722773415, 8.048636279407985
1.3015630552522772, 1.0353534858412843
1.2018517421152985, 5.692932643126317
0.301937417889119, 4.335617885722741
-0.7718543329660175, 1.5213470237599656
1.3144008172288053, 0.2893725098564418
-1.0982091986903784, 6.368210682991086
0.22523897100506773, 0.2018285405883895
-1.1396086500331233, 8.503799002002083
1.1957796343395404, 4.696850261428482
-3.1213754371121567, 9.406424724317386
1.197564898385984, 1.0331183231279173
-0.07102372034898474, 8.875451800348282
-1.3860933613436695, 3.391370522999585
-2.5497590540261195, 1.767190257076476
3.325032271747182, 0.18780947779183288
2.2705079890724895, -0.10870186174061347
0.23151525649805516, 3.4773487887893757
-0.22175837016356148, 6.0632288956611715
2.864447818286041, -0.30042922025310137
0.6115765341548096, 4.460491182720754
1.7889441206555374, 4.891046706848216
1.4888276677006587, 0.5899723825709351
-2.467060605094312, 2.521358522316805
-1.0613148223269748, 2.0457238635623
1.6426531605784094, 3.843067540059837
-1.040136549253265, 3.7643326940738886
2.201140642740155, 4.368643433791966
-0.39448990399656547, 5.169440250264243
-0.9456947724577301, 8.927798891672392
3.203618102124004, -0.013186717700715667
-1.8073517946893596, 1.7375966549819322
2.7856193118098975, 2.002242133509413
2.0933855216122783, 0.318745519994729
-0.9771647925302895, 8.97190764269311
1.5750254796946546, 0.37441271655304176
0.04348103704005679, 5.547106711903545
1.6015015295736825, 2.701729671841642
-2.8820517923989475, 8.731627209390862
-0.07006641026455274, 6.615342858710042
-1.1772469695581205, 7.341928165146558
1.3590025085587631, 4.269545046916436
0.4707939582819425, 1.7421179665425233
0.9333428541926243, 8.275010221672902
-2.8685298771687124, 8.941651488492639
-2.201435272761221, 7.356162618087161
-2.9886423554386283, 1.369086124330457
-1.590540334506732, 7.4311655950121
0.9146436764508477, 4.196482051157215
2.0447794778625044, 3.8504015235970024
2.247996517932605, 1.594102333329376
0.5456059153645791, 0.620272268194827
-0.8592638297431024, 7.073421055801167
-1.7893025566658212, 7.744022284392083
-1.8741988897146076, 8.307787901827332
0.43432297614311, 2.8456435026614546
-1.0541143571999743, 2.390790651109081
1.7480606297601624, 5.127291481412121
-1.0302888147380538, 3.930015451155432
0.1166832248546763, 6.964521125016976
1.886448986639087, 4.621005542639692
-1.1172013255286888, 6.956364003375334
2.9143717142184085, 0.08803708389782416
2.075929674433608, 4.959051058170988
-1.0987840161877442, 8.624089348707333
1.4394004078651021, 4.582883091840843
2.663423949033519, 2.0126259828853392
-1.2621652554661982, 1.2560338941148728
-0.34907450851624544, 0.6127154062896021
-2.4602202534488278, 2.8834072152447243
2.3012841314333103, 4.50911989122635
-1.9386872041071106, 9.26435243999957
-0.3474840320192596, 3.7545182484908723
-2.492857872063775, 2.193570942102
-2.2143189597902198, 9.99547312401233
-1.0514856846587946, 8.805083744865641
3.9603311619928956, 0.882886440278092
1.532232758256293, 5.19626121477992
0.6901046442077092, 2.8447623027582947
2.102906000653002, 3.2238558190849664
2.261958033140881, 1.4287061669159966
-0.2226901213724024, 3.0226938694054044
0.37895400958113235, 4.065865597712383
-0.24344897695538004, 3.5158287527253034
-1.1948233340636911, 7.372224160328392
0.7536643975981746, 3.3907081094065936
-2.0082966372695386, 4.314947562646865
-1.27463323260978, 5.20348344286119
2.55399447974481, 0.159731879696707
-2.1235748687602154, 3.484940473853305
-1.2740655363370044, 6.273051281771464
-1.2709247150904979, 6.311064865892732
-2.1600242595526735, 8.957367364489361
1.3407513277870007, 5.775109283590728
1.6549187064194546, -0.5746592685285528
1.6993705722842933, 4.328399452696302
-1.2142700502079193, 2.724418378542775
1.7373078036934886, 4.425462343941218
2.1868414893409467, -0.507896387453953
2.24671839345679, 1.7781748591150475
-1.7104947766924596, 3.243080976020188
1.0132758004566447, 5.071689735181094
2.1544723839643805, 2.4739626325656543
-1.0436348813265, 7.1493581944802385
0.12794955574126254, 3.9781178586282158
2.5216470958148567, 0.8032711535267518
3.663789677381602, 0.336084910334716
1.3310277716597132, 4.920673881841669
-2.8974759311825937, 3.228446971753601
2.548911608957742, 1.3846789859183164
-1.8354743387706711, 7.192608716679026
-1.150976587454425, 2.004287751356016
3.1535710621653905, 0.759824481341843
0.8903393115748823, 4.498080265494162
1.4201333112919208, 4.637461654822657
1.4897697150582216, 1.3736950433760513
-2.9215836548145813, 3.2910569795857008
-0.47082184095236534, 7.850606801270435
-0.5044556209801679, 8.427609106423327
-1.1941057958174506, 3.9316328088313837
-2.0352885120088358, 7.250689079224125
1.852102840133826, 4.188679858961163
-0.3002400394344251, 3.5842368035833116
1.6678088296166815, 4.998536471104396
0.9519439541475594, 3.5657564182427013
-0.4463598861964182, 1.3102056822899457
-1.4404514892143119, 3.165588639799947
2.8302907846570484, 1.3305012814379307
-1.771985768798761, 2.13920678867551
3.280186776230437, 3.2437715047268427
-0.5540790543541365, 7.621253130875644
-0.7261725213933261, 7.328400059498605
-2.5276645034706555, 1.3221046498918088
1.5845250232501507, 1.170460049468201
-0.20610962709399083, 1.6258810102859953
0.5784726959147148, 6.379295566918504
0.9369872603189995, 3.1356938297071926
-1.8128631647070783, 4.41479325485395
3.486835278882169, 2.3598778307183563
-0.9094016125634137, 8.613463559009523
1.2987739925521296, 1.199177717334703
-0.2819499957753481, 8.045691454743688
-0.8979044257650838, 3.2319161049802685
2.272447154071158, 0.975874841030089
-1.7949137966200173, 2.4212740516036058
-2.3630153927226742, 3.5600932046625484
-1.7188354878596326, 8.022430623854877
0.8403203778681743, 5.440678690051085
0.3320392707165549, 2.6952030470638415
0.20269603928597713, 7.2696786870959835
-1.1225896698929143, 3.4222258364961173
1.1742373684914624, 5.385722545925655
1.887053298665804, 1.2755737616764118
-1.184765294359381, 7.61406951729453
-1.3506928089594339, 7.215655240814256
0.2585449542032934, 7.442383619848151
-0.7127452050070465, 7.435891155318194
0.6647175464191224, 4.359952669678135
-3.332840275825327, 2.8985594693618593
-2.103145829448809, 3.492491178625696
0.1031677900020529, 7.097302417689608
-1.9748188516374456, 2.719167199662324
3.8771826192932837, 0.822013189349514
3.379626271428717, 0.7254628672410542
-2.117333360746062, 7.377230861939111
-0.5235066244168899, 9.250069758330564
-1.412850506726563, 8.25007353373286
-2.049482554753852, 2.610750541174439
4.543709135764006, 2.5936331929521064
-0.11166291703046416, 8.543979956469599
-2.257656354997582, 6.798592854517247
0.8657806734805672, 2.6430875155791265
-0.6927101716756073, 8.274982338475393
-0.9561341567952875, 7.2435519021692
0.6998372335306579, 4.044210345614351
3.070932802974979, 1.598705001103034
0.24712359493462643, 1.3089979028355454
-1.532831419055137, 4.283942329736455
0.4408256689211405, 3.365565477075779
-0.8862950640451017, 7.542747919699452
0.4437801593374273, 4.948842600908267
-0.1993752583281576, 8.40407084835248
0.7912164075371535, 3.4961388398320343
3.703771531701057, -0.652350529420211
-3.470360864508728, 3.426181446927096
0.5723841638588354, -0.4117484863930774
-3.1852771821953896, 7.685976003492923
-0.7220916239945554, 2.049397634718736
-1.2840279994833104, 8.626321517800346
-1.1407376361235362, 3.0187493245904347
2.6787211308572605, 1.7883353413693315
-0.38229683776647816, 2.012588219428217
2.9684694456850558, 3.10896799317743
-1.0233077256817766, 7.507158908919122
2.457893052562913, -0.878224340023892
-3.2395333359043605, 3.5308346295161233
-1.7338784881455693, 2.3545729020692083
-2.585475910827273, 2.4088764227418027
2.2065607592742156, 5.506167176232801
1.5057689751288377, -0.20090706761739274
-0.9557941910920827, 2.374188231650346
0.1478064209551886, 9.011312312076347
2.8798247409971145, 1.4288420264736321
-0.833948940822199, 7.959419642513255
2.1378785535890787, 0.07612914291840933
-1.096355245631627, 7.258234392042356
-0.8667994716101535, 3.8258133234079033
-0.9600097273000119, 4.492565924242219
3.3704051871538505, 0.574206187454513
-1.2633339801152417, 4.705286382538677
2.157648679834781, 3.6718835694432226
-1.1415352817941926, 6.923578717097582
3.359414853410437, 5.248266814438804
0.4801677445639327, 4.228982344768049
2.0690160087684117, -0.9470375036901093
0.23670708215518177, 5.846801922855126
2.990330233464963, 3.9970215514213856
-0.4327370217779616, 1.8236413082980314
0.5913902693652195, 4.398138916765464
-1.1517766321409144, 6.6606399146465325
3.829926082406211, 0.5045104651838239
2.9724890635487338, 0.8406207922757487
-1.9646999323326275, 7.329186482467105
0.27134872603905014, 4.983762171693492
-2.2932316121854885, 4.199393601697256
-2.9669056513582452, 6.77850324769638
-3.2475233667414822, 7.657088911361258
-0.8359835030850803, 8.372856762518412
1.5594720268876685, 2.114241373680877
-1.9421354090435625, 2.244218090023983
-0.9655773255813802, 6.742919201250457
3.397889531943231, 0.1577278069726772
2.2145179898065805, -1.0608852951986019
-1.2011043995812798, 3.042651782376335
1.5195819699340147, 4.742830285120433
-2.0850268173991386, 9.44818861039368
-1.4410609078794534, 2.423955554247202
-0.04213115298398007, 9.288337781158651
-0.5194742534845507, 8.720961125261072
2.0195247878847042, 1.233679402599929
-2.5290624888951463, 9.497111876826365
-2.4289759846349903, 3.2388817275180144
-1.231828229920043, 1.8191138046658233
1.131355505622876, 2.309815358236568
2.057646113004685, 3.672411338999001
-0.3579883928562584, 2.9570698216508347
1.2036628536676235, 3.2870486788386213
-1.7640123200315032, 9.099390218004789
-0.07228288652059756, 2.883769390269415
-1.4899089373773708, 7.994111945707837
1.6527308109081182, 3.9217783718705697
-1.2396467007551126, 2.915006158674122
-0.35874222174038883, 9.376392991050752
-2.084385901574138, 9.646041776225205
-1.0160291913294879, 4.232036695147071
-1.9517710903663723, 7.2204391669411
2.074059313207136, 0.30388621215926936
-2.7932466901848594, 2.8563874970482366
-2.451499230122126, 9.013491250784966
2.164299870898797, 4.6207299393732395
0.32397647861147594, 3.782598015147279
1.9701519189134722, 0.3333626266357764
-1.0384488438452393, 7.177802011816819
0.4734533779039568, 6.7162410069921386
1.0492306635124864, 0.07611383433480423
-0.42462144863388107, 2.2208091889729396
-0.163532376880279, 5.08874484868889
0.5893992316958485, 3.7934945878147612
-1.6209664635845091, 3.315447476950589
-0.9508501144292789, 8.198544680880136
2.3027317209121883, 3.3391809032421262
2.459163542268852, 2.8343761223404886
2.262254085626788, 2.796788929234118
1.0427873009296629, 4.606259225188172
0.2842202307621039, 5.840164381694188
-0.5225004305549368, 10.498186729359672
-0.7431595195471776, 4.8192223131812355
2.4619246088997593, 2.0993615156054433
1.6993160283860715, 3.4378952806971084
2.5681039790256346, 0.5713451977796187
0.2581029060372595, 0.09541048820712605
0.3301982565339543, 3.3325565279423435
-0.9410532074039698, 4.054270338872862
-2.9973057483599868, 3.9283098144586317
-0.22372305157347294, 3.046418578189171
1.8159709302905338, 0.6508701021491851
-2.0486005381697208, 3.695489542675363
-1.8058856185249357, 3.4477160448080806
1.2518707525305515, 5.738836714237545
2.9262293036044973, 0.01969304340206668
-0.7660861192627355, 3.0005445733360743
2.9894472699326027, -0.49384160946628275
-0.28441010040343406, 1.7036649799737835
1.4743224832293518, 4.277595090104139
-0.34378445589019835, 3.6367794268614144
-1.3705481327787308, 7.407750762584018
-0.4442317311308408, 2.768292759666128
0.9866193931127945, 5.023821086790043
2.3080710268520326, 0.48964895089803995
-1.1163022219018577, 3.3988521113677463
-0.37033160542140564, 8.939234018135283
-2.255810650529126, 8.402329388082665
1.5001611023807007, 4.392209414493052
-2.0718690512045455, 7.040753898044377
1.2507864362704346, 3.412872244452862
-0.9262988114888293, 2.904631993399096
-1.2530974360811977, 9.583128246139292
-1.975941154668871, 3.4088533165151023
1.8407062774060008, 3.561622307041948
-1.2681064458812967, 3.9581212255826816
1.5877743477750244, 0.03517036021320297
-0.600215340190805, 7.453421894475622
-1.7318645649522013, 2.743875423825089
-1.827998799745319, 3.4548701757894844
-1.937122706002234, 4.3000641497262615
-1.870183932985096, 7.999230461946208
0.04611357602217381, 4.125198235361061
-0.9165654292010013, 7.669831232348448
-1.0251042594142663, 2.8617827879922197
0.4727730434511195, 3.141265554520577
-0.6066683187885868, 4.914166706555595
-0.939345338794741, 1.7786012210189084
0.1262458193434155, 2.2185643203610317
-1.1829501694078022, 7.061947212880883
-1.6393477692411935, 3.815746434536244
-0.5564712462337659, 8.399848224746322
-1.4416514386515185, 3.0173042480416647
3.095353766486581, 1.0623074694643344
0.9133661022290314, -0.4133067105032755
2.160499658492154, 0.8060042518375536
-0.12811326088195552, 4.355952406709364
2.456153200536999, 0.8880064234050284
-2.59144831783459, 8.59349806706335
2.2964714856518302, 2.025447290065739
-0.9544814639803971, 6.958928164201808
2.0933949055278127, 1.4103811834103355
-2.311125395756289, 3.649175882173491
-1.203142770933184, 11.262998562644087
2.6777866617378754, 0.26647171819107973
3.7675727427761743, 0.1055486393727868
2.8092589884113575, 1.9629791520359317
-1.0601533628034703, 3.078988583574801
-0.7470063784567185, 9.947479639261669
-1.3039981935976321, 0.7605258878386616
-1.0300108683834357, 2.252840643174432
-2.1238211250051, 2.694923078362743
-0.9742981975721099, 6.509081523133433
-0.2368078835272036, 6.931769085575851
-3.790564314257714, 3.292902181153276
-0.4458480691348321, 4.490212578868348
1.6962538086896606, 3.2008811144930203
1.0068719028850128, 4.2341457490014545
0.8515323292330985, 1.3147071629055405
-1.6632574458557743, 6.982331390779953
-1.8269106722336623, 3.793391414474506
2.2625382684064967, 1.2053962346173688
-1.609928232100502, 9.989179523481244
1.9348608827684681, -0.5816523200253167
-1.5710437320697117, 4.536341585565097
-1.5570586840914, 8.03413298579126
-1.6016226634614947, 8.578410992249927
1.0783721346975528, 0.3080837373927212
-0.46618901387973577, 2.0577533850406615
1.6540328115216956, 0.09758118385333558
0.1648297621191166, 9.342440374200123
2.754403675151572, 0.5989040593680008
-0.8925173400328542, 4.547158031291985
0.27355874923832224, 1.722778487869647
-2.581598053636852, 8.20324402656189
-0.4670885085639047, 6.959778188421044
2.260354146664732, 2.0591974634970542
-2.0330405038067783, 7.665337710890428
-2.016732232069172, 3.5766844030246356
-2.2381897688323438, 4.045838886266504
1.5326481050343999, 1.9406412545843128
-2.0152188097694785, 9.01152029209539
1.9821478754846806, -0.39971599601880303
-1.036932747136175, 7.633065752780528
3.570694666314647, 3.8997550335974527
1.0434934373273894, 0.9826317969756445
3.2005296944521024, 1.2441581019446977
2.941759060792494, 0.6255319039197287
1.5750184864379526, 1.8337712100476344
-0.7289908166551599, 2.031002657461685
-2.833425536144506, 1.9445062937763744
-1.393316826680108, 5.167839627946038
2.4730681046389593, -0.34255267646983345
0.11972077031228556, 2.7621999277766025
-2.5710674755291683, 7.858671619966867
2.1227843786072027, 1.6752677978408488
-0.4477908304360365, 3.810467444086196
1.4297104863236245, 1.8898004884564426
-1.2068720811291742, 4.99705892612816
-1.9246836135890355, 8.329563041655513
-0.8770743785419267, 3.3526710667941626
1.675650562134312, 3.242565040002481
-0.9561154838403316, 4.460678599626174
0.04352916775211724, 3.0407189783461144
-0.17846338288718444, 9.430864184217784
-0.5014419418972169, 7.198020812211159
2.1871792772202903, -1.0829019311310029
2.294413102086665, 2.2955599210246724
-2.8404664030617477, 7.869649783057319
2.843829038973065, 5.209831985723775
1.2553538982922132, 0.6775878801175812
0.7485102268016357, 8.888659913723705
0.8858880712695483, 5.671384567255103
-0.9077490916164165, 1.0435687645920546
-1.3113856747225527, 7.014194941223835
2.0858141024734946, 0.8607801290928699
-1.6454906367719977, 3.40625285176278
-1.1241374870123233, 9.672540703509338
-1.4116546947526398, 7.679156547302951
-0.6666952149841141, 3.897715531188558
0.06344785310233647, 5.4208036155442425
1.2161381185906643, 1.8877850438171304
-0.05366520476248149, 3.953843962859285
-1.6832898042058422, 8.49314211202838
-1.2035474817416467, 1.5484911372859655
-0.45654399624873143, 2.1978808300423136
1.2399918602964193, 2.698877650746472
-1.8320966187358259, 6.81175856324074
-0.30402656616849555, 0.8313722324779351
-1.0400226040351437, 6.316591356484064
2.062885019751036, 1.7845283465206978
2.8731293526178736, 1.1358638519599755
-0.7971149848889505, 8.435626893893886
1.159451761022051, 1.4459917904359167
0.8452160670050828, 5.436867207008111
0.9016021002953455, 4.562503767678136
0.21212615464005202, 2.8659958536468118
-0.9316037055296126, 4.082034027558089
-1.7591980204085027, 3.646812128718362
-1.5769866546864408, 2.074266654797196
1.4123149680799876, 1.047778886944066
2.75937854357446, -0.5980158563190794
-2.179665462570618, 1.4589415307357974
-1.245902510255328, 6.332809652131805
3.4477859708671503, 1.9352493269885709
0.4587510360360918, 3.32495746808962
1.5878265118069717, 0.03751027501327364
-1.8556317059585132, 3.5818473368593446
-3.3650807528919175, 3.570919544739551
1.923522046320243, 4.1487772343575555
-1.7135949353365154, 1.7742408654912731
-1.386915545835046, 2.5738366324834976
2.2449701335128736, 2.600233812179728
-1.1188293638757367, 1.2878796103094141
-1.4216059831233498, 9.066713575234903
-0.6406108186004373, 2.8626232656034705
1.7993098522186095, 0.5496172802953174
0.9885020621853124, 5.8730469419842946
-0.1185324157491563, 8.18446357773177
2.1427989923545487, 1.836410535620247
2.20270192308385, -0.07980121730793233
-4.988356412697929, 8.809036810829753
1.3756744788887338, 0.3333457502554479
-1.2908577032371868, 8.223748829609837
-2.757450058867292, 2.410975646496292
-0.30271698529904423, 7.63407547235885
1.4995467390782489, 4.132240996226142
-1.25917011263706, 7.104653252467728
1.2561946775897332, 4.205636937805432
-0.25174772367924303, 7.287322547852424
0.7068544336767579, 2.162646989794193
1.2653905838253072, 4.716658147894565
-2.4620312226594496, 3.2997062709525067
1.040441613698437, 0.2953318063550747
1.5547915762753735, 4.653441784441564
0.9848979774640714, 4.8307915359030495
-0.8648986467700032, 2.577007850763652
-1.437827810725342, 2.788728778873009
1.0840968566084872, 2.323980520724964
3.0565985387796077, 1.494876164341362
1.0121380233975223, 0.040585471266772144
1.624805609547085, 2.047043043305061
1.5720179789537705, 0.9002348423694468
1.4424365045805259, 3.933544886744047
1.247440263183806, 3.502290442054015
-1.9407080022715704, 1.8209572896000092
-1.905082060114895, 3.770771358602
-1.340066804880603, 8.486670023591122
3.3350795420608996, 0.01169717789698399
-1.7149937512715556, 1.88213453513791
1.1588977988806977, -1.0650683492028152
-1.5784936680106945, 7.000652852107086
2.0069228976530584, 0.2895624029862469
1.3516113896329065, 9.50090952207631
-0.9559541733757849, 3.990182908621214
-1.1291846938738208, 6.622207685489176
3.015315262582806, 0.48116457750124436
2.3309340707736523, 0.18927860759982973
-0.893370110761505, 2.3090671439159913
-1.128607927024413, 1.6621073795916212
-2.856795874555968, 2.5623874867246705
1.4446553128235466, 6.039666325134103
-2.880950540897043, 8.5691835034966
-1.8701390676770087, 2.988656337233774
-1.6092476600132575, 2.4382592462593164
-1.4542261141181154, 2.712048236114385
0.3707502660079951, 1.7042274278341965
-1.2178696432812677, 8.600461993026101
2.732824555020595, 2.2048475050191945
1.5263976678767626, 1.0713755129249602
-0.19051783089911178, 2.797841139237015
0.7537930683035747, 3.4448674196407185
1.9256908854722559, 4.391338568833581
0.2578117170659804, -0.16576927821666998
-0.7218357408857594, 4.691067802843453
2.141850701598297, 2.316918705848888
1.9369634770071547, 5.632850173988072
2.277730685441485, 0.8092881367387819
1.552860895161436, 4.095488571870395
1.6851033569191753, -0.06159173270265139
-2.068263601653126, 3.009404208112
-0.02394526884306969, 2.7590162306707784
-0.03056167375248875, 5.985364043715718
1.9081184526607986, 4.643752311249652
-2.267141374102059, 8.532869718853364
-2.7201618466959445, 3.2681481808951527
0.6905092913504456, 0.8757937511488569
-1.684209301502471, 3.1941221133530964
-2.723416257777516, 8.8461537316294
0.6112148620002373, 2.512459779407206
-0.7496011290976006, 7.277772555616084
3.3226791762515346, 1.3971618934065964
0.8433895009595395, 4.005996448046662
2.940455062641805, 2.3714284750763417
-1.754332330824805, 7.147013876920796
-1.748478411425906, 3.342134879433993
2.0738948920942333, 1.9519886348420146
-0.3567404547569055, 8.620015349962591
4.581635761788876, 2.6675850481346703
-1.348557477357982, 7.132059923448783
-2.0297404337080094, 8.433319893511863
3.540193120132832, -1.2262263581076223
-1.6809764116467407, 4.111493942082321
-1.7647432166946007, 7.752133730394919
1.218388039531618, 3.415067070094759
2.8294281312516945, 0.12320469116711097
1.014668291347733, 0.5820605365520786
2.0963497475767574, 1.4911295795411759
1.8397897369278096, 3.499033586810521
0.5126741039004008, 4.785268801221852
1.4835090296561102, 4.187557627061241
-1.1844766619350777, 2.6944561491384267
-0.5386634394792085, 2.4039793110532073
-2.152149935779079, 2.1813910898273745
-0.38235047793734744, 2.8991152057932297
-0.06898328760045969, 5.514932617131091
-2.975370876469894, 1.3450858087849495
0.8026741799295589, 0.3113436347268045
2.4456324649415, 2.4861943510354694
0.7609627864287258, 7.345645284382993
3.921950669764505, 1.6551319899993406
1.3470950798275971, 4.445849132635626
-2.0777034389287454, 3.709923759756097
-2.161911415234884, 9.65328642890267
3.172550987121068, -0.6662409749018294
-0.20026915995402028, 7.801633049069213
1.3063051930568066, 6.529731659186648
1.9949050270405393, 0.18662306314682564
2.216826788671046, 2.4610684049668663
0.4471959350199941, 3.395690823949592
0.06897171416325287, 4.355732723244529
1.7135894238369973, 0.9219545740757172
-2.3844206290028676, 8.340760627068764
-3.0249467936753995, 6.900676989410534
2.1238667489135383, 0.6253875587928562
1.646840528857405, 3.5962816299378133
-1.2311249247150182, 3.7604710577901033
1.3290866850408734, 4.1510129039029815
-0.7300001120785176, 6.25456272268018
2.1156707630897955, 3.0689615070947376
1.7214765610793137, 0.8775345560603993
-2.7280513900704983, 7.970147277979832
2.3743859215191603, 1.2049284404435279
-2.5639333570705976, 1.8049763664615066
-1.9865304554913443, 2.9214654672877063
2.512577168153689, 1.860005404752282
-0.9654541036707787, 1.6582860925334013
2.282613471576359, 2.5119132072181642
-3.32667519468865, 1.8131921141275134
3.2766524808920763, 0.7048218313939721
-0.5365812025659599, 4.54431375232538
0.6070882406040514, 4.064408149872464
-0.5403836160530152, 7.8135487794960685
0.28897104138983154, 4.186312781030279
0.9614123751917923, 5.125193264473201
1.6941543866930118, 1.506626001592461
1.3722767912081404, 3.210725818717884
2.5356920175506645, -0.07052240396916809
0.8778175541210628, 3.6403090410862826
0.9216746957944191, 1.8944233027577524
-1.6571271796886315, 2.728464332521332
-1.2666848249395175, 7.512171379386094
-1.2157795671282519, 1.839521170516343
0.7520111442948547, 4.00153759699332
-1.5916736388287425, 6.988249837683065
0.9759243554078827, 0.7834381084877566
1.189750127456664, 3.0952136737151688
4.022031493367618, 0.7014296949943948
0.6672571094993729, 2.6277835211184133
1.2824956384546757, 1.7797202593009476
1.1401986509990816, 4.400108683369587
-0.3410509065629026, 6.990018673574027
-2.4475303862387747, 3.8398170655577
0.2700145093530226, 2.7135433244300757
1.4571170689163921, -0.6223756252541268
1.331338817374276, -0.22196457374251755
-1.3934260189393683, 7.29912749444268
-1.6101924089218687, 4.520745890710259
1.7231652440840528, 0.17623236436618106
2.0771248796527493, 0.9402027339677276
-1.3162008951366488, 10.195688601295009
1.2156350742596866, -0.47058143540045383
1.8452335654432903, 4.580659233294518
3.040585030372745, 1.664583329599136
-0.38554834067652455, 7.187921989955775
0.4966142645385474, 4.924145625791903
-0.6069176297739208, 8.669311237394666
0.4164602143107001, 0.16435085235427116
-1.6368987482187867, 7.188668000050193
0.844361438766528, 4.708549139488888
-1.2812875853201295, 2.8848857810684567
-1.5741817289181526, 3.582026310691773
1.5402786136203042, 3.0192350294558628
-2.1418011730458524, 6.716934143054363
0.8752706482340233, 9.232309103272994
-3.027232389200476, 2.099378120739447
0.17064357100712724, 3.185475403126758
-0.5609678947622042, 4.340487010302158
-1.280681251945473, 1.9998979553285072
0.3183439860096998, 5.272669966011441
1.7978557905962909, 4.3090799737477505
-1.1842315768393221, 8.540541117136064
1.7053606407240318, 4.4327702382058005
1.2647444995998007, -0.009636461587390177
-1.9561279127941038, 0.655638626089317
4.506497240507954, 0.6864576763064169
1.0828646320803803, 2.243884733160237
1.6747272276538312, 4.30755821653466
-2.6534934390939027, 1.9640778410605588
1.6539697162993678, 0.58100836488583
-1.3747270376336391, 2.543755941068817
-1.3434753665543806, 3.2057976935484014
2.054467382260733, 1.7446026611042935
-0.5645269358981297, 4.367049321648722
3.410710224027296, 0.49951553118786174
-3.5161734793831894, 1.3773242894624291
0.18760082403712885, 5.398425702160481
-2.6345509141229355, 3.152859454222175
2.442848794120673, 5.156339266909622
2.8197649744664117, 0.6292909247285556
0.030106028310254773, 3.801909458759449
-1.3908727958475287, 2.0795711056344217
-1.1959768236118489, 7.475715439165435
-1.0029999213027305, 8.712965078478028
-0.5990452469119386, 7.28825727163205
-3.880544412912319, 1.9127378303764513
1.723458412751127, 3.114842372244654
-1.2822936518924335, 2.13795901240812
-0.48655162988601597, 8.267345499786225
1.0981200482818612, -0.45076065918376407
-0.7833504977135685, 3.128241627962936
0.16290562811553655, 0.7198505162349242
1.8920125725996992, 0.8112083772268897
-1.581792197976294, 3.440439863331935
1.1429435739190241, 4.938818764340496
-4.643760604821031, 3.562334294744165
-2.6701594100250623, 6.8994505170973275
-1.1197736821386572, 2.289324681088533
-0.3835106469573186, 4.262386515890422
-2.8616787862449535, 8.300102414507657
-0.3034190946577444, 3.7183561231706173
1.2605497493537097, 6.046456108104021
-0.6539282684195495, 4.7665695829741646
-3.2122861180931324, 3.22089331178928
-0.05797276323796963, 4.985381845730017
0.06750683258744195, 3.8794697064704886
-1.8150354659486319, 3.629667529430167
-0.7796205048912244, 4.7547217892543046
-0.4977732374931104, 7.071057986650781
2.1970741605863324, 2.7310990217536153
-0.4456497930939418, 6.301743407198394
0.6107189885604578, 5.241879868354036
1.919316165869013, 1.5641101602588336
-0.44581686456175673, 8.12446590803696
3.7245183278098466, 1.1996528702954898
-2.511983396622357, 9.500509422432035
-0.7953524313597514, 3.237532044467196
0.42196045197519416, 3.8331496692935985
-2.3115914246513505, 2.582301617749956
-0.32241664361659517, 5.579862673454578
-1.3510184597639439, 7.653145760218638
-3.5614577084432173, 7.519318439891878
1.7320103674410376, 3.7646546906954
-2.313403879130232, 5.671799002825232
-0.41862593444673524, 8.248845036508747
-0.5845897049449387, 0.9127568346809745
2.2702331120589716, 0.9948828919408549
0.40605054701574583, 2.2962257520634726
3.1094454303718004, 1.8484973569417364
2.9913966697439602, 1.576043758778407
-1.2673139885214413, 8.041116689661111
0.6671556337747863, 4.070320665904697
-1.097557630958932, 8.530978327137896
-0.4296928377214042, 3.71372968157885
1.0361647616627712, 4.091264282678081
-0.5901087969679165, 3.6882131406603347
2.304052774504478, 4.202505841230991
